0 0.414894600591716 0.2980769230769231 0.30972633136094674 0.28125
0 0.5986501479289942 0.5775240384615384 0.2611871301775148 0.2463942307692308
0 0.5460660133136095 0.8317307692307694 0.310882026627219 0.2716346153846153
0 0.8956638313609468 0.649639423076923 0.18028846153846145 0.17668269230769248
0 0.1947346523668639 0.5913461538461537 0.3432414940828402 0.3581730769230769
0 0.08147651627218937 0.23377403846153846 0.16295303254437873 0.18149038461538466
0 0.9314903846153847 0.234375 0.13174926035502948 0.125
0 0.7575582470414202 0.33834134615384615 0.1745099852071006 0.21514423076923075
0 0.9291789940828403 0.4194711538461538 0.10632396449704146 0.10817307692307693
0 0.9692122781065089 0.33894230769230765 0.06157544378698219 0.0769230769230769
