1 0.563301282051282 0.28125 0.10416666666666671 0.24519230769230774
1 0.6895032051282051 0.40324519230769235 0.11298076923076927 0.18149038461538466
1 0.859375 0.8257211538461539 0.26201923076923095 0.24519230769230774
1 0.671474358974359 0.19290865384615385 0.12820512820512825 0.16947115384615383
1 0.7904647435897436 0.2722355769230769 0.09375 0.203125
1 0.22556089743589744 0.4284855769230769 0.14022435897435898 0.3786057692307692
1 0.39543269230769235 0.501201923076923 0.16746794871794876 0.37259615384615385
1 0.34615384615384615 0.8233173076923077 0.23557692307692313 0.3533653846153845
1 0.10376602564102563 0.7415865384615385 0.17868589743589744 0.4615384615384616
1 0.1061698717948718 0.11237980769230768 0.2043269230769231 0.21514423076923075
1 0.437900641025641 0.25300480769230765 0.17868589743589752 0.2536057692307692
1 0.6710737179487178 0.7692307692307686 0.16907051282051244 0.36057692307692285
