1 0.5427481438656281 0.3479567307692308 0.11102574245374881 0.2055288461538462
1 0.535160053554041 0.537860576923077 0.0862646056475171 0.11418269230769233
1 0.5267732168938657 0.6700721153846153 0.0583084834469328 0.1165865384615384
1 0.574697997809153 0.7049278846153846 0.09505081548198639 0.09495192307692307
1 0.8075325584225902 0.4699519230769231 0.057509737098344685 0.17307692307692307
1 0.7564127921129504 0.4278846153846154 0.046327288218110996 0.10336538461538466
1 0.23403268013631937 0.2139423076923077 0.07827714216163581 0.12980769230769235
1 0.1841110333495619 0.3203125 0.06629594693281401 0.13100961538461545
1 0.3262878833982474 0.4290865384615385 0.061503468841285276 0.10096153846153853
1 0.39218445715676736 0.3984375 0.03833982473222981 0.09014423076923066
1 0.3075173442064265 0.670673076923077 0.046327288218111065 0.11538461538461525
