1 0.38424643987341767 0.1971153846153846 0.14467958860759492 0.14182692307692307
1 0.6303896360759493 0.18990384615384615 0.208564082278481 0.10817307692307691
1 0.8314378955696202 0.1700721153846154 0.09206882911392399 0.1045673076923077
1 0.8267405063291139 0.38281249999999994 0.08267405063291136 0.0973557692307692
1 0.8220431170886076 0.6514423076923076 0.14467958860759494 0.09615384615384606
1 0.8849881329113924 0.5931490384615384 0.1578322784810126 0.07331730769230767
1 0.8878065664556962 0.4296875 0.08455300632911403 0.08293269230769232
1 0.14749802215189875 0.41105769230769235 0.1972903481012658 0.07692307692307693
1 0.11179786392405063 0.19110576923076925 0.10334256329113925 0.10096153846153846
1 0.11179786392405063 0.5991586538461539 0.11085838607594937 0.11658653846153846
1 0.15313488924050633 0.8479567307692308 0.2010482594936709 0.12860576923076933
1 0.6322685917721519 0.852764423076923 0.24238528481012672 0.10697115384615387
1 0.6228738132911392 0.6298076923076923 0.13716376582278492 0.125
