5 0.7101452413952416 0.5811298076923077 0.21836740586740588 0.16466346153846145
5 0.9647074959574959 0.7295673076923076 0.07058500808500795 0.15865384615384615
5 0.8292547355047355 0.4597355769230769 0.19310175560175566 0.14062499999999992
5 0.5982545045045046 0.40625 0.20032051282051286 0.13701923076923067
5 0.43493012243012247 0.2620192307692308 0.2021252021252021 0.10576923076923073
5 0.16873844998845 0.32271634615384615 0.20753927003927009 0.109375
5 0.1254259066759067 0.5486778846153846 0.1786642411642412 0.1213942307692308
5 0.29867607992608 0.5859375 0.1425704550704551 0.13100961538461547
5 0.47553563178563196 0.7037259615384616 0.16783610533610535 0.17187500000000008
5 0.6713444213444214 0.7379807692307694 0.17685955185955202 0.15625
5 0.33928158928158936 0.7548076923076924 0.12271887271887273 0.09615384615384613
5 0.13444935319935322 0.4176682692307692 0.1858829983829984 0.08533653846153846
5 0.859934453684454 0.6977163461538461 0.16061734811734849 0.16466346153846143
