5 0.5099488295196365 0.6364182692307692 0.06031168857513798 0.1165865384615384
5 0.4743919384939955 0.8395432692307694 0.06661290976955542 0.13100961538461534
5 0.5378542376663422 0.7944711538461539 0.05130994401168451 0.14423076923076905
5 0.8268102381531971 0.4338942307692307 0.08731692226549825 0.14182692307692307
5 0.8092568362544629 0.563701923076923 0.08821709672184355 0.12259615384615387
5 0.7034863376338852 0.608173076923077 0.05130994401168465 0.12259615384615387
5 0.6985353781239857 0.48737980769230765 0.05761116520610187 0.08774038461538466
5 0.4415355708373905 0.33834134615384615 0.054910641837065836 0.10216346153846156
5 0.4559383621389159 0.4356971153846153 0.05491064183706591 0.0757211538461538
5 0.09271796900357028 0.5685096153846153 0.05221011846802988 0.0961538461538462
5 0.09001744563453425 0.7037259615384615 0.06301221194417397 0.1165865384615384
5 0.15843070431678025 0.6310096153846153 0.04140802499188572 0.08173076923076927
5 0.15843070431678027 0.7271634615384615 0.05941151411879257 0.09134615384615387
