6 0.27153716216216217 0.7780153824036803 0.16131756756756757 0.24529183438757912
0 0.5591216216216216 0.3188793847038528 0.17229729729729734 0.21761788384128805
0 0.7301520270270271 0.398127515813686 0.13597972972972983 0.2402602070155261
0 0.7766047297297297 0.5515921506612996 0.1545608108108108 0.0993746405980449
6 0.7702702702702703 0.6792696952271418 0.1385135135135134 0.21384416331224837
6 0.8927364864864864 0.6836723691776884 0.1283783783783784 0.15220672800460044
6 0.8695101351351352 0.5327235480161012 0.1680743243243242 0.12704859114433575
3 0.7141047297297297 0.7415360839562966 0.11570945945945958 0.18239649223691776
3 0.15456081081081088 0.7547441058079347 0.11993243243243258 0.18365439907993075
3 0.19510135135135137 0.523289246693502 0.20101351351351351 0.14088556641748134
8 0.3158783783783784 0.28491589994249567 0.2804054054054054 0.39875646923519265
2 0.39569256756756743 0.5107101782633702 0.4231418918918918 0.23397067280045955
