7 0.7015224358974359 0.524639423076923 0.26522435897435903 0.3329326923076923
7 0.2383814102564103 0.5336538461538461 0.2988782051282052 0.40625
7 0.5677083333333329 0.1700721153846153 0.2716346153846148 0.3401442307692306
7 0.8261217948717943 0.18990384615384615 0.28365384615384553 0.3798076923076923
7 0.08413461538461538 0.35516826923076905 0.16826923076923075 0.38822115384615363
7 0.5224358974358975 0.8245192307692305 0.15544871794871803 0.2403846153846153
7 0.8665865384615388 0.7956730769230761 0.19310897435897492 0.2572115384615383
7 0.7115384615384613 0.8629807692307679 0.19070512820512803 0.2740384615384612
7 0.11177884615384609 0.880408653846153 0.22355769230769218 0.23918269230769212
7 0.4202724358974358 0.684495192307692 0.16105769230769218 0.2608173076923076
7 0.3762019230769231 0.3840144230769231 0.14503205128205093 0.23918269230769218
7 0.8958333333333337 0.5030048076923075 0.17628205128205174 0.2704326923076922
