7 0.8250098892405059 0.846153846153846 0.33576507221681257 0.3076923076923075
7 0.7723496835443038 0.25120192307692313 0.27365303472898417 0.36057692307692313
7 0.7039364248620581 0.5588942307692306 0.3168614086335605 0.39663461538461525
7 0.5162500507140539 0.8215144230769229 0.31956193200259664 0.3569711538461535
7 0.4793428980038946 0.3407451923076923 0.2979577450503079 0.3978365384615385
7 0.19938864208049323 0.3197115384615385 0.27095251135994786 0.3317307692307692
7 0.3294638510223952 0.6003605769230768 0.3114603618954884 0.39543269230769257
7 0.1795848040408958 0.8635817307692306 0.35016786351833823 0.2704326923076923
7 0.10352006247971439 0.5877403846153841 0.20704012495942878 0.2956730769230764
7 0.9190312094287566 0.4933894230769232 0.16193758114248535 0.34495192307692285
7 0.9271796900357028 0.4933894230769231 0.009001744563453542 0.003605769230769269
7 0.3348648977604674 0.12620192307692307 0.24304710321324247 0.25
