7 0.4086538461538462 0.4302884615384615 0.20352564102564105 0.31730769230769224
7 0.6951121794871795 0.40384615384615385 0.16105769230769235 0.2572115384615385
7 0.8169070512820511 0.5378605769230768 0.20432692307692307 0.20552884615384642
7 0.6903044871794871 0.6256009615384615 0.16746794871794882 0.15985576923076927
7 0.520432692307692 0.6310096153846159 0.24439102564102563 0.19471153846153808
7 0.6045673076923077 0.23677884615384617 0.16907051282051277 0.3245192307692308
7 0.5376602564102565 0.3804086538461538 0.15064102564102563 0.2680288461538461
7 0.3737980769230769 0.2530048076923077 0.19150641025641021 0.17187500000000008
7 0.2295673076923077 0.3731971153846154 0.1642628205128205 0.265625
7 0.15705128205128205 0.579326923076923 0.16506410256410256 0.20432692307692296
7 0.30969551282051283 0.6153846153846154 0.18509615384615383 0.2427884615384615
