7 0.3686214398734177 0.21634615384615385 0.13658562560856866 0.16346153846153846
7 0.45209043330087667 0.33052884615384626 0.11821445959104232 0.1610576923076924
7 0.5187857534079844 0.420673076923077 0.11102574245374865 0.14423076923076897
7 0.600657254138267 0.5072115384615381 0.12300693768257069 0.19230769230769235
7 0.7076892648490747 0.5486778846153847 0.13099440116845143 0.19591346153846156
7 0.6429908106134374 0.15204326923076925 0.12300693768257104 0.203125
7 0.5615186830574489 0.1814903846153846 0.12620192307692307 0.19471153846153846
7 0.2939386562804285 0.3299278846153846 0.11501947419668941 0.19350961538461534
7 0.4177443403115872 0.6195913461538461 0.0942520691333982 0.19110576923076913
7 0.48763464581304733 0.7001201923076924 0.12061069863680633 0.1526442307692306
7 0.25879381694255116 0.1159855769230769 0.10862950340798438 0.17908653846153844
7 0.0635003347127556 0.8792067307692308 0.12220819133398247 0.19110576923076933
7 0.5982610150925025 0.6832932692307692 0.12300693768257069 0.15264423076923067
