8 0.4154305116033756 0.5030048076923077 0.11252180704316771 0.3545673076923077
8 0.5212010102239533 0.5030048076923077 0.08821709672184362 0.3762019230769232
8 0.6179697642810776 0.5024038461538461 0.09631866682895165 0.3581730769230768
8 0.7169889544790652 0.5006009615384616 0.11072145813047726 0.35937500000000006
8 0.8196088425024344 0.49759615384615385 0.10892110921778653 0.34375
8 0.9208784688412854 0.5108173076923077 0.0954184923726062 0.2956730769230769
8 0.9802430724602401 0.14302884615384637 0.03951385507951977 0.28605769230769273
8 0.9123268115060046 0.1544471153846154 0.07471447987666352 0.27524038461538464
8 0.8218592786432976 0.14483173076923075 0.09001744563453414 0.2824519230769231
8 0.7232901756734827 0.14002403846153844 0.08911727117818899 0.2512019230769231
8 0.6490257830249919 0.1454326923076923 0.07201395650762749 0.2692307692307692
8 0.5522570289678675 0.14663461538461536 0.09631866682895157 0.27163461538461536
8 0.47034115344044136 0.14963942307692307 0.07111378205128205 0.2704326923076923
8 0.38437449285946124 0.14783653846153844 0.09001744563453429 0.2908653846153846
8 0.3051591407010711 0.15144230769230768 0.08641674780915291 0.2596153846153846
8 0.20659003773125606 0.1508413461538461 0.08911727117818877 0.3016826923076922
8 0.11342198149951316 0.15204326923076925 0.07921535215839015 0.3016826923076923
8 0.041858112220058426 0.15384615384615385 0.08371622444011685 0.3076923076923077
8 0.03915758885102239 0.5138221153846154 0.07831517770204478 0.3425480769230769
8 0.13052529617007466 0.522235576923077 0.10802093476144109 0.311298076923077
8 0.23269509696527102 0.5210336538461539 0.11432215595585844 0.3329326923076923
8 0.31731149586173324 0.5132211538461537 0.10171971356702372 0.3581730769230769
8 0.9091762009087958 0.8539663461538461 0.12422407497565714 0.24158653846153855
8 0.8002550916910094 0.8545673076923077 0.09541849237260636 0.2668269230769232
8 0.7043865120902305 0.8677884615384616 0.09451831791626092 0.2548076923076923
8 0.5963655773287894 0.8545673076923077 0.09631866682895157 0.2644230769230768
8 0.49374568930542034 0.859375 0.09271796900357032 0.2764423076923077
8 0.3839244056312886 0.8725961538461539 0.09271796900357032 0.23076923076923095
8 0.27545338364167476 0.8617788461538461 0.10081953911067838 0.2548076923076923
8 0.1710331467056151 0.873798076923077 0.08821709672184357 0.23557692307692293
8 0.0688633459104187 0.858173076923077 0.09271796900357028 0.26201923076923067
